0.000000 -1.801700 1570.680628 1570.680628 0.000459 1088.450000 
1.166485 -1.675797 39.882046 1.943587 0.003679 1086.144587 
2.166330 -1.571071 20.140863 1.067288 0.006444 1084.184466 
3.166176 -1.469303 12.888959 0.752129 0.009214 1082.238864 
4.166024 -1.370503 9.137172 0.594067 0.011989 1080.307593 
5.165872 -1.274682 6.853571 0.501866 0.014769 1078.390470 
6.165722 -1.181850 5.324022 0.443472 0.017553 1076.487311 
7.165572 -1.092018 4.232936 0.404720 0.020343 1074.597941 
8.165424 -1.005196 3.419288 0.378383 0.023138 1072.722184 
9.165276 -0.921395 2.792316 0.360390 0.025937 1070.859869 
10.165130 -0.840625 2.296965 0.348269 0.028741 1069.010829 
11.164984 -0.762898 1.897900 0.340434 0.031551 1067.174896 
12.164840 -0.688223 1.571404 0.335823 0.034365 1065.351910 
13.164696 -0.616611 1.300965 0.333693 0.037183 1063.541711 
14.164553 -0.548072 1.074732 0.333514 0.040007 1061.744141 
15.164411 -0.482617 0.883980 0.334894 0.042835 1059.959048 
16.164271 -0.420256 0.722144 0.337537 0.045668 1058.188533 
17.164131 -0.361000 0.584186 0.341218 0.048506 1056.430528 
18.163992 -0.304859 0.466179 0.345759 0.051349 1054.684879 
19.163853 -0.251843 0.365016 0.351023 0.054196 1052.951433 
20.163716 -0.201962 0.278205 0.356896 0.057048 1051.230041 
21.163580 -0.155228 0.203725 0.363290 0.059904 1049.520556 
22.163444 -0.111649 0.139921 0.370129 0.062765 1047.822833 
23.163309 -0.071237 0.085422 0.377353 0.065631 1046.136731 
24.163175 -0.034001 0.039084 0.384909 0.068501 1044.462110 
25.163042 0.000048 -0.000053 0.392757 0.071376 1042.798833 
26.162910 0.030900 -0.032805 0.400858 0.074256 1041.146764 
27.162778 0.058545 -0.059866 0.409183 0.077140 1039.505772 
28.162647 0.082973 -0.081833 0.417703 0.080029 1037.875727 
29.162517 0.104173 -0.099219 0.426398 0.082922 1036.256500 
30.162387 0.122136 -0.112472 0.435246 0.085819 1034.647965 
31.162258 0.136851 -0.121979 0.444231 0.088722 1033.049999 
32.162130 0.148309 -0.128082 0.453337 0.091628 1031.462479 
33.162002 0.156499 -0.131080 0.462552 0.094539 1029.885287 
34.161876 0.161412 -0.131238 0.471862 0.097455 1028.318303 
35.161749 0.163037 -0.128790 0.481259 0.100375 1026.761413 
36.161624 0.161364 -0.123944 0.490733 0.103299 1025.214502 
37.161499 0.156384 -0.116886 0.500275 0.106228 1023.679790 
38.161375 0.148086 -0.107784 0.509878 0.109161 1022.155008 
39.161251 0.136460 -0.096787 0.519534 0.112099 1020.639561 
40.161128 0.121498 -0.084029 0.529240 0.115041 1019.133350 
41.161005 0.103188 -0.069632 0.538988 0.117987 1017.636276 
42.160883 0.081521 -0.053706 0.548775 0.120937 1016.148243 
43.160761 0.056487 -0.036352 0.558597 0.123892 1014.669155 
44.160640 0.028076 -0.017659 0.568449 0.126851 1013.198918 
45.160520 -0.003721 0.002288 0.578328 0.129815 1011.737440 
46.160399 -0.038914 0.023416 0.588232 0.132782 1010.284630 
47.160280 -0.077514 0.045653 0.598156 0.135754 1008.840397 
48.160160 -0.119529 0.068937 0.608100 0.138730 1007.404654 
49.160041 -0.164970 0.093209 0.618059 0.141711 1005.977313 
50.159923 -0.213847 0.118416 0.628032 0.144696 1004.558288 
51.159805 -0.266169 0.144508 0.638017 0.147684 1003.147495 
52.159687 -0.321945 0.171440 0.648012 0.150677 1001.744850 
53.159569 -0.381186 0.199169 0.658015 0.153675 1000.350271 
54.159452 -0.443901 0.227655 0.668025 0.156676 998.963677 
55.159336 -0.510100 0.256863 0.678041 0.159681 997.584989 
56.159219 -0.579792 0.286759 0.688060 0.162691 996.214127 
57.159103 -0.652987 0.317311 0.698082 0.165705 994.851014 
58.158987 -0.729695 0.348490 0.708105 0.168723 993.495573 
59.158871 -0.809925 0.380269 0.718129 0.171745 992.147729 
60.158756 -0.893687 0.412622 0.728153 0.174771 990.807408 
61.158641 -0.980990 0.445525 0.738175 0.177801 989.474537 
62.158526 -1.071845 0.478957 0.748195 0.180836 988.149042 
63.158411 -1.166260 0.512896 0.758212 0.183874 986.830853 
64.158297 -1.264244 0.547323 0.768225 0.186916 985.519900 
65.158183 -1.365809 0.582219 0.778234 0.189963 984.216113 
66.158069 -1.470962 0.617567 0.788237 0.193013 982.919423 
67.157955 -1.579714 0.653351 0.798235 0.196068 981.629764 
68.157841 -1.692074 0.689555 0.808227 0.199126 980.347068 
69.157727 -1.808051 0.726165 0.818212 0.202189 979.072316 
70.157614 -1.927655 0.763168 0.828189 0.205255 977.804393 
71.157500 -2.050895 0.800549 0.838158 0.208325 976.542617 
72.157387 -2.177781 0.838299 0.848120 0.211400 975.286938 
73.157273 -2.308322 0.876404 0.858073 0.214478 974.037304 
74.157160 -2.442527 0.914854 0.868017 0.217560 972.793666 
75.157047 -2.580406 0.953638 0.877953 0.220647 971.555974 
76.156933 -2.721968 0.992748 0.887879 0.223737 970.324178 
77.156820 -2.867223 1.032173 0.897797 0.226831 969.098231 
78.156706 -3.016180 1.071905 0.907705 0.229929 967.878085 
79.156593 -3.168847 1.111935 0.917603 0.233031 966.663693 
80.156479 -3.325236 1.152256 0.927491 0.236136 965.455007 
81.156365 -3.485354 1.192860 0.937370 0.239246 964.251982 
82.156251 -3.649211 1.233740 0.947239 0.242359 963.054573 
83.156137 -3.816817 1.274889 0.957097 0.245477 961.862733 
84.156023 -3.988181 1.316300 0.966945 0.248598 960.676418 
85.155909 -4.163311 1.357967 0.976783 0.251723 959.495585 
86.155794 -4.342218 1.399885 0.986610 0.254852 958.320189 
87.155680 -4.524911 1.442047 0.996426 0.257985 957.150188 
88.155565 -4.711398 1.484449 1.006232 0.261121 955.985539 
89.155450 -4.901689 1.527085 1.016027 0.264261 954.826200 
90.155334 -5.095794 1.569949 1.025811 0.267406 953.672130 
91.155219 -5.293722 1.613038 1.035585 0.270553 952.523286 
92.155103 -5.495481 1.656347 1.045347 0.273705 951.379629 
93.154987 -5.701081 1.699872 1.055098 0.276861 950.241117 
94.154870 -5.910532 1.743608 1.064838 0.280020 949.107712 
95.154754 -6.123841 1.787551 1.074567 0.283183 947.979374 
96.154637 -6.341020 1.831698 1.084284 0.286350 946.856063 
97.154519 -6.562076 1.876045 1.093990 0.289520 945.737742 
98.154402 -6.787020 1.920588 1.103685 0.292695 944.624351 
99.154284 -7.015859 1.965325 1.113369 0.295873 943.515397 
100.154165 -7.248604 2.010251 1.123041 0.299055 942.410677 
101.154046 -7.485263 2.055364 1.132702 0.302240 941.310164 
102.153927 -7.725846 2.100660 1.142352 0.305429 940.213830 
103.153807 -7.970361 2.146138 1.151991 0.308622 939.121649 
104.153686 -8.218818 2.191793 1.161619 0.311819 938.033595 
105.153565 -8.471227 2.237624 1.171236 0.315019 936.949641 
106.153444 -8.727596 2.283628 1.180842 0.318223 935.869762 
107.153322 -8.987934 2.329802 1.190438 0.321431 934.793931 
108.153199 -9.252250 2.376144 1.200022 0.324642 933.722124 
109.153076 -9.520554 2.422651 1.209596 0.327858 932.654315 
110.152953 -9.792855 2.469323 1.219160 0.331076 931.590479 
111.152828 -10.069162 2.516155 1.228713 0.334299 930.530592 
112.152703 -10.349484 2.563147 1.238255 0.337525 929.474628 
113.152578 -10.633829 2.610296 1.247787 0.340755 928.422563 
114.152452 -10.922209 2.657601 1.257308 0.343988 927.374374 
115.152325 -11.214630 2.705059 1.266819 0.347225 926.330036 
116.152197 -11.511103 2.752669 1.276320 0.350466 925.289525 
117.152069 -11.811637 2.800428 1.285811 0.353710 924.252819 
118.151940 -12.116240 2.848337 1.295291 0.356958 923.219893 
119.151810 -12.424922 2.896392 1.304762 0.360210 922.190725 
120.151680 -12.737692 2.944592 1.314222 0.363465 921.165292 
121.151549 -13.054559 2.992936 1.323672 0.366724 920.143571 
122.151417 -13.375532 3.041422 1.333112 0.369986 919.125539 
123.151284 -13.700620 3.090049 1.342542 0.373252 918.111174 
124.151150 -14.029833 3.138816 1.351962 0.376522 917.100454 
125.151016 -14.363179 3.187720 1.361373 0.379795 916.093357 
126.150880 -14.700667 3.236762 1.370773 0.383072 915.089862 
127.150744 -15.042307 3.285939 1.380164 0.386353 914.089946 
128.150607 -15.388108 3.335250 1.389545 0.389637 913.093589 
129.150469 -15.738078 3.384695 1.398916 0.392924 912.100769 
130.150331 -16.092228 3.434272 1.408278 0.396215 911.111465 
131.150191 -16.450565 3.483980 1.417630 0.399510 910.125656 
132.150050 -16.813099 3.533818 1.426972 0.402809 909.143321 
133.149908 -17.179839 3.583784 1.436305 0.406110 908.164441 
134.149766 -17.550794 3.633879 1.445628 0.409416 907.188994 
135.149622 -17.925973 3.684100 1.454942 0.412725 906.216961 
136.149478 -18.305385 3.734448 1.464246 0.416037 905.248322 
137.149332 -18.689040 3.784920 1.473542 0.419354 904.282768 
138.149185 -19.076946 3.835517 1.482827 0.422673 903.319999 
139.149037 -19.469112 3.886237 1.492104 0.425996 902.360060 
140.148888 -19.865548 3.937079 1.501372 0.429323 901.402938 
141.148738 -20.266262 3.988043 1.510630 0.432653 900.448618 
142.148586 -20.671264 4.039128 1.519880 0.435987 899.497089 
143.148434 -21.080562 4.090333 1.529121 0.439324 898.548337 
144.148280 -21.494166 4.141657 1.538353 0.442665 897.602348 
145.148125 -21.912085 4.193100 1.547577 0.446009 896.659110 
146.147969 -22.334327 4.244661 1.556792 0.449357 895.718609 
147.147811 -22.760903 4.296339 1.565999 0.452708 894.780834 
148.147653 -23.191820 4.348133 1.575197 0.456063 893.845770 
149.147492 -23.627089 4.400043 1.584387 0.459421 892.913406 
150.147331 -24.066717 4.452069 1.593569 0.462783 891.983730 
151.147168 -24.510715 4.504209 1.602742 0.466149 891.056727 
152.147004 -24.959091 4.556463 1.611908 0.469517 890.132387 
153.146839 -25.411854 4.608831 1.621065 0.472890 889.210696 
154.146672 -25.869014 4.661311 1.630215 0.476266 888.291642 
155.146504 -26.330580 4.713904 1.639357 0.479645 887.375214 
156.146334 -26.796560 4.766608 1.648491 0.483028 886.461399 
157.146163 -27.266964 4.819424 1.657617 0.486414 885.550186 
158.145991 -27.741801 4.872351 1.666736 0.489804 884.641561 
159.145817 -28.221079 4.925387 1.675847 0.493197 883.735514 
160.145641 -28.704809 4.978534 1.684950 0.496594 882.832032 
161.145464 -29.192999 5.031790 1.694046 0.499994 881.931104 
162.145285 -29.685658 5.085154 1.703135 0.503397 881.032718 
163.145105 -30.182796 5.138627 1.712216 0.506805 880.136863 
164.144924 -30.684421 5.192208 1.721290 0.510215 879.243527 
165.144740 -31.190542 5.245896 1.730357 0.513629 878.352699 
166.144555 -31.701169 5.299692 1.739416 0.517047 877.464367 
167.144369 -32.216312 5.353594 1.748468 0.520468 876.578520 
168.144181 -32.735978 5.407602 1.757514 0.523892 875.695147 
169.143991 -33.260177 5.461717 1.766552 0.527320 874.814237 
170.143799 -33.788918 5.515937 1.775583 0.530751 873.935778 
171.143606 -34.322210 5.570262 1.784607 0.534186 873.059761 
172.143411 -34.860063 5.624691 1.793624 0.537624 872.186173 
173.143214 -35.402486 5.679226 1.802635 0.541066 871.315004 
174.143015 -35.949487 5.733864 1.811638 0.544511 870.446243 
175.142815 -36.501075 5.788606 1.820635 0.547959 869.579879 
176.142613 -37.057261 5.843452 1.829626 0.551411 868.715903 
177.142409 -37.618053 5.898400 1.838609 0.554867 867.854302 
178.142203 -38.183460 5.953452 1.847586 0.558326 866.995068 
179.141995 -38.753491 6.008606 1.856556 0.561788 866.138188 
180.141785 -39.328156 6.063862 1.865520 0.565253 865.283654 
181.141574 -39.907464 6.119220 1.874477 0.568722 864.431453 
182.141360 -40.491423 6.174680 1.883428 0.572195 863.581578 
183.141145 -41.080043 6.230241 1.892372 0.575671 862.734016 
184.140927 -41.673333 6.285903 1.901310 0.579150 861.888758 
185.140708 -42.271302 6.341666 1.910241 0.582633 861.045794 
186.140486 -42.873960 6.397530 1.919166 0.586119 860.205114 
187.140263 -43.481315 6.453494 1.928085 0.589609 859.366766 
188.140037 -44.093377 6.509558 1.936998 0.593101 858.530371 
189.139809 -44.710154 6.565722 1.945905 0.596598 857.695825 
190.139579 -45.331656 6.621985 1.954805 0.600098 856.863122 
191.139347 -45.957893 6.678348 1.963699 0.603601 856.032255 
192.139113 -46.588873 6.734810 1.972588 0.607107 855.203220 
193.138876 -47.224605 6.791371 1.981470 0.610617 854.376009 
194.138637 -47.865099 6.848031 1.990347 0.614130 853.550616 
195.138396 -48.510363 6.904789 1.999218 0.617647 852.727036 
196.138153 -49.160408 6.961645 2.008084 0.621167 851.905262 
197.137907 -49.815242 7.018600 2.016943 0.624691 851.085289 
198.137659 -50.474874 7.075652 2.025798 0.628218 850.267109 
199.137409 -51.139314 7.132802 2.034647 0.631748 849.450719 
200.137156 -51.808571 7.190050 2.043490 0.635282 848.636110 
201.136901 -52.482654 7.247395 2.052328 0.638819 847.823278 
202.136643 -53.161573 7.304837 2.061161 0.642359 847.012217 
203.136383 -53.845336 7.362377 2.069988 0.645903 846.202920 
204.136120 -54.533953 7.420013 2.078811 0.649450 845.395383 
205.135855 -55.227433 7.477746 2.087628 0.653001 844.589598 
206.135588 -55.925785 7.535575 2.096440 0.656555 843.785561 
207.135318 -56.629019 7.593501 2.105247 0.660112 842.983266 
208.135045 -57.337144 7.651523 2.114050 0.663673 842.182706 
209.134770 -58.050169 7.709641 2.122847 0.667237 841.383877 
210.134492 -58.768103 7.767855 2.131639 0.670805 840.586772 
211.134211 -59.490957 7.826165 2.140427 0.674375 839.791387 
212.133928 -60.218738 7.884570 2.149210 0.677950 838.997714 
213.133642 -60.951457 7.943071 2.157988 0.681527 838.205749 
214.133354 -61.689122 8.001668 2.166762 0.685108 837.415487 
215.133063 -62.431744 8.060359 2.175531 0.688693 836.626921 
216.132768 -63.179330 8.119146 2.184295 0.692281 835.840046 
217.132472 -63.931892 8.178028 2.193055 0.695872 835.054857 
218.132172 -64.689437 8.237005 2.201811 0.699466 834.271347 
219.131869 -65.451976 8.296077 2.210562 0.703064 833.489513 
220.131564 -66.219517 8.355243 2.219308 0.706666 832.709348 
221.131256 -66.992070 8.414504 2.228051 0.710270 831.930846 
222.130945 -67.769645 8.473860 2.236789 0.713878 831.154003 
223.130631 -68.552250 8.533309 2.245522 0.717490 830.378814 
224.130314 -69.339896 8.592853 2.254252 0.721104 829.605272 
225.129993 -70.132591 8.652492 2.262977 0.724723 828.833373 
226.129670 -70.930345 8.712224 2.271698 0.728344 828.063111 
227.129344 -71.733167 8.772051 2.280415 0.731969 827.294481 
228.129015 -72.541067 8.831971 2.289128 0.735597 826.527478 
229.128683 -73.354053 8.891985 2.297837 0.739229 825.762096 
230.128348 -74.172136 8.952093 2.306542 0.742864 824.998331 
231.128009 -74.995325 9.012294 2.315243 0.746502 824.236178 
232.127667 -75.823630 9.072589 2.323941 0.750144 823.475630 
233.127323 -76.657059 9.132978 2.332634 0.753789 822.716683 
234.126974 -77.495622 9.193460 2.341323 0.757437 821.959333 
235.126623 -78.339329 9.254035 2.350009 0.761089 821.203573 
236.126268 -79.188188 9.314704 2.358690 0.764744 820.449399 
237.125911 -80.042210 9.375466 2.367368 0.768403 819.696806 
238.125549 -80.901404 9.436320 2.376043 0.772065 818.945789 
239.125185 -81.765780 9.497268 2.384713 0.775730 818.196342 
240.124817 -82.635346 9.558309 2.393380 0.779398 817.448462 
241.124445 -83.510112 9.619443 2.402043 0.783070 816.702142 
242.124070 -84.390088 9.680670 2.410703 0.786746 815.957379 
243.123692 -85.275284 9.741990 2.419359 0.790424 815.214166 
244.123310 -86.165708 9.803402 2.428011 0.794106 814.472500 
245.122925 -87.061370 9.864907 2.436660 0.797791 813.732376 
246.122536 -87.962280 9.926504 2.445306 0.801480 812.993788 
247.122144 -88.868447 9.988195 2.453948 0.805172 812.256732 
248.121748 -89.779881 10.049977 2.462587 0.808867 811.521203 
249.121348 -90.696591 10.111852 2.471222 0.812566 810.787196 
250.120945 -91.618587 10.173820 2.479854 0.816268 810.054707 
251.120537 -92.545879 10.235880 2.488482 0.819974 809.322278 
252.120126 -93.478474 10.298032 2.497107 0.823682 808.590846 
253.119712 -94.416385 10.360277 2.505730 0.827395 807.860677 
254.119293 -95.359619 10.422614 2.514349 0.831110 807.131768 
255.118871 -96.308187 10.485043 2.522965 0.834829 806.404117 
256.118445 -97.262098 10.547564 2.531578 0.838551 805.677719 
257.118014 -98.221361 10.610178 2.540188 0.842277 804.952573 
258.117580 -99.185987 10.672883 2.548795 0.846005 804.228674 
259.117142 -100.155985 10.735681 2.557400 0.849738 803.506021 
260.116700 -101.131365 10.798570 2.566001 0.853473 802.784610 
261.116254 -102.112135 10.861552 2.574600 0.857212 802.064437 
262.115804 -103.098307 10.924625 2.583196 0.860954 801.345501 
263.115350 -104.089889 10.987791 2.591789 0.864700 800.627798 
264.114892 -105.086891 11.051048 2.600380 0.868449 799.911325 
265.114430 -106.089323 11.114398 2.608968 0.872202 799.196079 
266.113963 -107.097195 11.177839 2.617553 0.875957 798.482058 
267.113493 -108.110515 11.241372 2.626136 0.879716 797.769257 
268.113018 -109.129295 11.304997 2.634716 0.883479 797.057675 
269.112539 -110.153543 11.368714 2.643294 0.887245 796.347309 
270.112055 -111.183270 11.432522 2.651869 0.891014 795.638155 
271.111567 -112.218485 11.496423 2.660442 0.894786 794.930211 
272.111075 -113.259197 11.560415 2.669012 0.898562 794.223473 
273.110579 -114.305417 11.624499 2.677581 0.902341 793.517940 
274.110078 -115.357155 11.688674 2.686146 0.906124 792.813607 
275.109573 -116.414419 11.752942 2.694710 0.909910 792.110473 
276.109063 -117.477220 11.817301 2.703271 0.913699 791.408534 
277.108549 -118.545568 11.881752 2.711830 0.917492 790.707788 
278.108030 -119.619472 11.946294 2.720387 0.921288 790.008231 
279.107506 -120.698943 12.010928 2.728941 0.925087 789.309861 
280.106978 -121.783989 12.075654 2.737494 0.928890 788.612675 
281.106446 -122.874621 12.140472 2.746044 0.932696 787.916670 
282.105908 -123.970849 12.205381 2.754593 0.936506 787.221844 
283.105366 -125.072682 12.270382 2.763139 0.940318 786.528194 
284.104820 -126.180131 12.335474 2.771683 0.944135 785.835716 
285.104268 -127.293205 12.400658 2.780225 0.947954 785.144408 
286.103712 -128.411913 12.465934 2.788765 0.951777 784.454268 
287.103151 -129.536267 12.531302 2.797304 0.955603 783.765293 
288.102585 -130.666275 12.596761 2.805840 0.959433 783.077479 
289.102014 -131.801948 12.662312 2.814375 0.963266 782.390825 
290.101438 -132.943296 12.727954 2.822907 0.967102 781.705327 
291.100858 -134.090328 12.793689 2.831438 0.970942 781.020983 
292.100272 -135.243054 12.859515 2.839967 0.974785 780.337790 
293.099681 -136.401485 12.925432 2.848494 0.978632 779.655683 
294.099085 -137.565629 12.991441 2.857019 0.982481 778.974547 
295.098484 -138.735498 13.057542 2.865543 0.986335 778.294406 
296.097878 -139.911101 13.123735 2.874065 0.990191 777.615257 
297.097267 -141.092448 13.190019 2.882585 0.994051 776.937099 
298.096650 -142.279549 13.256395 2.891104 0.997914 776.259930 
299.096029 -143.472414 13.322863 2.899621 1.001781 775.583748 
300.095401 -144.671053 13.389423 2.908137 1.005651 774.908552 
301.094769 -145.875476 13.456074 2.916651 1.009524 774.234338 
302.094131 -147.085693 13.522817 2.925164 1.013401 773.561106 
303.093488 -148.301714 13.589652 2.933675 1.017281 772.888854 
