# Range elevationMil Time WindageMil Velocity 
1.166538 97.902903 0.003741 6.778174 1068.391875 
2.166428 48.955375 0.006551 3.701242 1067.021392 
3.166319 31.008099 0.009365 2.586738 1065.658139 
4.166210 21.744952 0.012182 2.021675 1064.302049 
5.166102 16.124106 0.015003 1.686991 1062.953056 
6.165995 12.373838 0.017827 1.470584 1061.611097 
7.165888 9.711245 0.020655 1.322920 1060.276105 
8.165782 7.736872 0.023487 1.218725 1058.949116 
9.165677 6.225568 0.026322 1.143748 1057.629675 
10.165572 5.040764 0.029160 1.089351 1056.317200 
11.165467 4.094810 0.032003 1.049992 1055.011628 
12.165364 3.328873 0.034848 1.021948 1053.712894 
13.165260 2.701992 0.037697 1.002628 1052.420935 
14.165158 2.184773 0.040550 0.990175 1051.135690 
15.165056 1.755571 0.043406 0.983219 1049.857097 
16.164954 1.398100 0.046266 0.980730 1048.585096 
17.164853 1.099866 0.049129 0.981918 1047.319627 
18.164752 0.851128 0.051995 0.986167 1046.060632 
19.164652 0.644176 0.054865 0.992991 1044.808051 
20.164552 0.472830 0.057738 1.001998 1043.561829 
21.164453 0.332079 0.060615 1.012871 1042.321909 
22.164354 0.217813 0.063495 1.025352 1041.088233 
23.164255 0.126636 0.066379 1.039225 1039.860749 
24.164157 0.055710 0.069266 1.054311 1038.639399 
25.164060 0.002650 0.072156 1.070459 1037.424132 
26.163962 -0.034564 0.075050 1.087543 1036.214894 
27.163865 -0.057657 0.077947 1.105453 1035.011633 
28.163769 -0.068105 0.080848 1.124097 1033.814296 
29.163673 -0.067186 0.083751 1.143392 1032.622832 
30.163577 -0.056006 0.086659 1.163271 1031.437191 
31.163482 -0.035530 0.089569 1.183672 1030.257324 
32.163387 -0.006602 0.092483 1.204542 1029.083180 
33.163292 0.030034 0.095400 1.225834 1027.914711 
34.163198 0.073723 0.098320 1.247508 1026.751870 
35.163104 0.123884 0.101244 1.269525 1025.594608 
36.163010 0.179998 0.104171 1.291855 1024.443590 
37.162916 0.241605 0.107102 1.314465 1023.299365 
38.162823 0.308291 0.110035 1.337330 1022.160401 
39.162730 0.379686 0.112972 1.360427 1021.026659 
40.162638 0.455455 0.115912 1.383735 1019.898095 
41.162545 0.535297 0.118856 1.407237 1018.774668 
42.162453 0.618939 0.121802 1.430915 1017.656338 
43.162361 0.706132 0.124752 1.454754 1016.543064 
44.162269 0.796652 0.127705 1.478740 1015.434806 
45.162178 0.890293 0.130661 1.502861 1014.331525 
46.162086 0.986867 0.133621 1.527105 1013.233182 
47.161995 1.086203 0.136584 1.551462 1012.139738 
48.161904 1.188144 0.139549 1.575922 1011.051155 
49.161813 1.292544 0.142518 1.600477 1009.967395 
50.161722 1.399270 0.145491 1.625118 1008.888422 
51.161631 1.508200 0.148466 1.649838 1007.814197 
52.161540 1.619220 0.151445 1.674630 1006.744686 
53.161449 1.732225 0.154426 1.699487 1005.679850 
54.161359 1.847119 0.157411 1.724405 1004.619656 
55.161268 1.963811 0.160399 1.749377 1003.564067 
56.161178 2.082217 0.163391 1.774398 1002.513049 
57.161087 2.202259 0.166385 1.799465 1001.466567 
58.160997 2.323865 0.169382 1.824572 1000.424587 
59.160907 2.446968 0.172383 1.849715 999.387075 
60.160816 2.571504 0.175386 1.874891 998.353997 
61.160726 2.697414 0.178393 1.900097 997.325322 
62.160636 2.824643 0.181403 1.925328 996.301015 
63.160545 2.953139 0.184416 1.950583 995.281045 
64.160455 3.082854 0.187432 1.975857 994.265379 
65.160364 3.213741 0.190451 2.001150 993.253987 
66.160274 3.345759 0.193473 2.026457 992.246835 
67.160183 3.478867 0.196499 2.051777 991.243894 
68.160092 3.613026 0.199527 2.077107 990.245133 
69.160001 3.748202 0.202558 2.102446 989.250521 
70.159910 3.884360 0.205593 2.127792 988.260029 
71.159819 4.021468 0.208630 2.153142 987.273626 
72.159728 4.159497 0.211670 2.178496 986.291283 
73.159637 4.298418 0.214714 2.203850 985.312971 
74.159545 4.438204 0.217760 2.229205 984.338662 
75.159453 4.578830 0.220810 2.254559 983.368325 
76.159362 4.720270 0.223862 2.279909 982.401934 
77.159269 4.862504 0.226918 2.305256 981.439461 
78.159177 5.005508 0.229976 2.330597 980.480877 
79.159085 5.149261 0.233038 2.355932 979.526566 
80.158992 5.293746 0.236102 2.381259 978.576676 
81.158899 5.438941 0.239170 2.406577 977.630243 
82.158806 5.584831 0.242240 2.431886 976.687246 
83.158712 5.731397 0.245313 2.457184 975.747662 
84.158618 5.878624 0.248390 2.482471 974.811470 
85.158524 6.026496 0.251469 2.507747 973.878651 
86.158430 6.174998 0.254551 2.533011 972.949182 
87.158335 6.324118 0.257636 2.558262 972.023043 
88.158239 6.473840 0.260724 2.583501 971.100213 
89.158144 6.624152 0.263815 2.608725 970.180673 
90.158048 6.775043 0.266909 2.633936 969.264402 
91.157951 6.926500 0.270006 2.659132 968.351380 
92.157854 7.078512 0.273106 2.684314 967.441587 
93.157757 7.231069 0.276208 2.709480 966.535004 
94.157659 7.384160 0.279314 2.734631 965.631611 
95.157561 7.537775 0.282422 2.759765 964.731389 
96.157462 7.691905 0.285534 2.784884 963.834320 
97.157363 7.846541 0.288648 2.809986 962.940383 
98.157264 8.001674 0.291765 2.835071 962.049560 
99.157163 8.157296 0.294885 2.860138 961.161832 
100.157063 8.313399 0.298008 2.885189 960.277182 
101.156962 8.469974 0.301134 2.910221 959.395591 
102.156860 8.627015 0.304262 2.935236 958.517040 
103.156757 8.784515 0.307394 2.960233 957.641511 
104.156655 8.942466 0.310528 2.985211 956.768988 
105.156551 9.100863 0.313665 3.010171 955.899451 
106.156447 9.259698 0.316806 3.035112 955.032884 
107.156342 9.418966 0.319948 3.060034 954.169269 
108.156237 9.578660 0.323094 3.084936 953.308589 
109.156131 9.738775 0.326243 3.109820 952.450827 
110.156024 9.899306 0.329394 3.134684 951.595965 
111.155917 10.060247 0.332548 3.159529 950.743988 
112.155809 10.221593 0.335706 3.184354 949.894877 
113.155700 10.383339 0.338865 3.209158 949.048617 
114.155591 10.545480 0.342028 3.233943 948.205192 
115.155481 10.708013 0.345194 3.258708 947.364585 
116.155370 10.870931 0.348362 3.283453 946.526779 
117.155258 11.034232 0.351533 3.308177 945.691759 
118.155146 11.197910 0.354707 3.332881 944.859509 
119.155033 11.361962 0.357884 3.357565 944.029795 
120.154919 11.526384 0.361063 3.382228 943.202459 
121.154804 11.691173 0.364245 3.406871 942.377488 
122.154688 11.856323 0.367431 3.431493 941.554872 
123.154571 12.021833 0.370618 3.456096 940.734599 
124.154454 12.187699 0.373809 3.480678 939.916659 
125.154336 12.353916 0.377002 3.505240 939.101039 
126.154216 12.520483 0.380199 3.529783 938.287729 
127.154096 12.687396 0.383397 3.554305 937.476719 
128.153975 12.854651 0.386599 3.578808 936.667997 
129.153853 13.022247 0.389804 3.603291 935.861552 
130.153730 13.190180 0.393011 3.627755 935.057374 
131.153606 13.358447 0.396221 3.652199 934.255452 
132.153480 13.527046 0.399433 3.676623 933.455776 
133.153354 13.695975 0.402649 3.701028 932.658334 
134.153227 13.865230 0.405867 3.725414 931.863118 
135.153099 14.034810 0.409088 3.749780 931.070115 
136.152970 14.204711 0.412312 3.774127 930.279317 
137.152839 14.374932 0.415538 3.798455 929.490712 
138.152708 14.545471 0.418767 3.822764 928.704291 
139.152576 14.716324 0.421999 3.847054 927.920044 
140.152442 14.887491 0.425234 3.871325 927.137960 
141.152307 15.058969 0.428471 3.895577 926.358029 
142.152171 15.230756 0.431711 3.919810 925.580242 
143.152034 15.402850 0.434954 3.944024 924.804589 
144.151896 15.575250 0.438200 3.968220 924.031060 
145.151756 15.747953 0.441448 3.992396 923.259645 
146.151616 15.920957 0.444699 4.016555 922.490335 
147.151474 16.094262 0.447953 4.040694 921.723120 
148.151330 16.267865 0.451209 4.064815 920.957991 
149.151186 16.441764 0.454468 4.088918 920.194938 
150.151040 16.615958 0.457730 4.113002 919.433952 
151.150893 16.790446 0.460994 4.137068 918.675023 
152.150745 16.965226 0.464261 4.161116 917.918142 
153.150595 17.140296 0.467531 4.185145 917.163300 
154.150444 17.315655 0.470804 4.209157 916.410488 
155.150292 17.491302 0.474079 4.233150 915.659697 
156.150138 17.667235 0.477357 4.257125 914.910918 
157.149983 17.843452 0.480637 4.281082 914.164141 
158.149827 18.019954 0.483921 4.305021 913.419358 
159.149669 18.196737 0.487206 4.328942 912.676560 
160.149509 18.373802 0.490495 4.352845 911.935737 
161.149349 18.551146 0.493786 4.376730 911.196883 
162.149186 18.728769 0.497080 4.400598 910.459987 
163.149023 18.906670 0.500377 4.424448 909.725041 
164.148857 19.084847 0.503676 4.448280 908.992036 
165.148691 19.263299 0.506978 4.472095 908.260964 
166.148522 19.442025 0.510283 4.495892 907.531817 
167.148352 19.621024 0.513590 4.519671 906.804586 
168.148181 19.800295 0.516900 4.543433 906.079262 
169.148008 19.979838 0.520212 4.567178 905.355838 
170.147833 20.159650 0.523527 4.590905 904.634180 
171.147657 20.339732 0.526845 4.614615 903.914067 
172.147479 20.520082 0.530166 4.638308 903.195545 
173.147299 20.700699 0.533489 4.661983 902.478609 
174.147118 20.881583 0.536814 4.685643 901.763252 
175.146935 21.062732 0.540143 4.709285 901.049469 
176.146750 21.244145 0.543474 4.732911 900.337255 
177.146563 21.425823 0.546807 4.756521 899.626604 
178.146375 21.607763 0.550144 4.780114 898.917510 
179.146185 21.789966 0.553482 4.803691 898.209968 
180.145993 21.972430 0.556824 4.827252 897.503973 
181.145799 22.155155 0.560168 4.850797 896.799519 
182.145604 22.338140 0.563515 4.874327 896.096601 
183.145406 22.521384 0.566864 4.897841 895.395214 
184.145207 22.704886 0.570216 4.921339 894.695351 
185.145006 22.888646 0.573571 4.944822 893.997009 
186.144802 23.072664 0.576928 4.968289 893.300181 
187.144597 23.256938 0.580288 4.991742 892.604862 
188.144390 23.441467 0.583650 5.015179 891.911048 
189.144181 23.626252 0.587016 5.038601 891.218732 
190.143970 23.811292 0.590383 5.062009 890.527910 
191.143758 23.996585 0.593754 5.085401 889.838577 
192.143543 24.182132 0.597126 5.108779 889.150727 
193.143326 24.367932 0.600502 5.132142 888.464355 
194.143106 24.553984 0.603880 5.155491 887.779456 
195.142885 24.740287 0.607261 5.178825 887.096026 
196.142662 24.926842 0.610644 5.202145 886.414059 
197.142437 25.113648 0.614030 5.225451 885.733550 
198.142209 25.300703 0.617419 5.248743 885.054494 
199.141980 25.488008 0.620810 5.272020 884.376886 
200.141748 25.675562 0.624204 5.295284 883.700722 
201.141514 25.863365 0.627600 5.318533 883.025996 
202.141278 26.051415 0.630999 5.341769 882.352704 
203.141039 26.239714 0.634400 5.364991 881.680840 
204.140799 26.428259 0.637804 5.388200 881.010400 
205.140556 26.617052 0.641211 5.411395 880.341379 
206.140310 26.806090 0.644620 5.434576 879.673772 
207.140063 26.995375 0.648032 5.457744 879.007575 
208.139813 27.184905 0.651447 5.480899 878.342782 
209.139561 27.374680 0.654864 5.504040 877.679389 
210.139306 27.564699 0.658283 5.527169 877.017392 
211.139049 27.754963 0.661705 5.550284 876.356785 
212.138790 27.945470 0.665130 5.573386 875.697564 
213.138528 28.136222 0.668558 5.596475 875.039724 
214.138264 28.327216 0.671988 5.619551 874.383261 
215.137998 28.518452 0.675420 5.642614 873.728171 
216.137728 28.709932 0.678855 5.665665 873.074447 
217.137457 28.901653 0.682293 5.688702 872.422087 
218.137183 29.093616 0.685733 5.711727 871.771085 
219.136906 29.285820 0.689176 5.734740 871.121437 
220.136627 29.478265 0.692621 5.757740 870.473138 
221.136345 29.670951 0.696069 5.780727 869.826185 
222.136060 29.863877 0.699519 5.803702 869.180572 
223.135773 30.057043 0.702972 5.826665 868.536295 
224.135484 30.250449 0.706428 5.849615 867.893350 
225.135191 30.444094 0.709886 5.872554 867.251732 
226.134896 30.637978 0.713347 5.895480 866.611438 
227.134599 30.832101 0.716810 5.918393 865.972462 
228.134298 31.026463 0.720276 5.941295 865.334800 
229.133995 31.221063 0.723744 5.964185 864.698449 
230.133689 31.415901 0.727215 5.987063 864.063403 
231.133380 31.610977 0.730689 6.009929 863.429658 
232.133069 31.806290 0.734165 6.032783 862.797211 
233.132754 32.001840 0.737643 6.055625 862.166057 
234.132437 32.197627 0.741124 6.078455 861.536192 
235.132117 32.393651 0.744608 6.101274 860.907612 
236.131794 32.589911 0.748094 6.124081 860.280312 
237.131468 32.786408 0.751583 6.146877 859.654348 
238.131139 32.983141 0.755074 6.169660 859.029544 
239.130807 33.180109 0.758568 6.192433 858.405782 
240.130472 33.377312 0.762064 6.215194 857.783058 
241.130134 33.574751 0.765563 6.237944 857.161369 
242.129793 33.772426 0.769064 6.260683 856.540714 
243.129449 33.970334 0.772568 6.283410 855.921090 
244.129102 34.168478 0.776075 6.306127 855.302494 
245.128752 34.366856 0.779584 6.328833 854.684924 
246.128398 34.565468 0.783095 6.351528 854.068377 
247.128042 34.764315 0.786609 6.374213 853.452850 
248.127682 34.963395 0.790126 6.396887 852.838342 
249.127319 35.162709 0.793645 6.419551 852.224849 
250.126953 35.362256 0.797167 6.442204 851.612369 
251.126584 35.562036 0.800691 6.464847 851.000900 
252.126211 35.762050 0.804218 6.487480 850.390438 
253.125835 35.962297 0.807747 6.510103 849.780983 
254.125456 36.162777 0.811279 6.532716 849.172530 
255.125073 36.363489 0.814813 6.555319 848.565078 
256.124687 36.564434 0.818350 6.577912 847.958624 
257.124298 36.765611 0.821889 6.600496 847.353167 
258.123905 36.967020 0.825431 6.623070 846.748702 
259.123509 37.168661 0.828976 6.645634 846.145228 
260.123109 37.370534 0.832523 6.668189 845.542743 
261.122706 37.572639 0.836072 6.690734 844.941244 
262.122300 37.774976 0.839624 6.713270 844.340729 
263.121889 37.977544 0.843179 6.735797 843.741194 
264.121476 38.180344 0.846736 6.758315 843.142639 
265.121058 38.383374 0.850295 6.780824 842.545060 
266.120638 38.586636 0.853858 6.803324 841.948456 
267.120213 38.790129 0.857422 6.825814 841.352823 
268.119785 38.993853 0.860989 6.848296 840.758160 
269.119353 39.197807 0.864559 6.870770 840.164464 
270.118918 39.401993 0.868131 6.893234 839.571732 
271.118479 39.606408 0.871706 6.915690 838.979963 
272.118036 39.811054 0.875283 6.938137 838.389154 
273.117589 40.015931 0.878863 6.960576 837.799303 
274.117138 40.221038 0.882445 6.983006 837.210407 
275.116684 40.426375 0.886030 7.005428 836.622465 
276.116226 40.631941 0.889617 7.027841 836.035473 
277.115764 40.837738 0.893207 7.050246 835.449430 
278.115298 41.043765 0.896800 7.072643 834.864334 
279.114828 41.250022 0.900394 7.095032 834.280181 
280.114355 41.456508 0.903992 7.117413 833.696971 
281.113877 41.663224 0.907592 7.139786 833.114700 
282.113395 41.870169 0.911194 7.162151 832.533366 
283.112910 42.077344 0.914799 7.184508 831.952967 
284.112420 42.284748 0.918406 7.206857 831.373502 
285.111926 42.492381 0.922016 7.229198 830.794967 
286.111428 42.700244 0.925629 7.251532 830.217360 
287.110926 42.908336 0.929244 7.273858 829.640680 
288.110420 43.116657 0.932861 7.296176 829.064923 
289.109910 43.325207 0.936481 7.318487 828.490089 
290.109395 43.533985 0.940104 7.340790 827.916174 
291.108877 43.742993 0.943729 7.363086 827.343176 
292.108354 43.952230 0.947356 7.385374 826.771094 
293.107827 44.161695 0.950986 7.407655 826.199926 
294.107295 44.371389 0.954619 7.429929 825.629668 
295.106759 44.581312 0.958254 7.452195 825.060319 
296.106219 44.791463 0.961892 7.474454 824.491877 
297.105675 45.001843 0.965532 7.496706 823.924339 
298.105126 45.212452 0.969174 7.518951 823.357704 
299.104573 45.423288 0.972819 7.541189 822.791969 
